,2018년,2019년,2020년,2021년,2022년,분류,2018년.5,2019년.5,2020년.5,2021년.5,2022년.5,2018년.6,2019년.6,2020년.6,2021년.6,2022년.6,2018년.7,2019년.7,2020년.7,2021년.7,2022년.7,2018년.8,2019년.8,2020년.8,2021년.8,2022년.8
4,7800,7740,7668,7569,7612,전체,6484,7243,7394,7332,7690,4015,3721,3881,3734,3575,10379,10630,10644,10601,11819,20878.0,21594.0,21919.0,21667.0,23084.0
5,830,803,791,813,799,서울,807,803,834,822,761,535,553,566,594,540,892,840,831,823,1087,2234.0,2196.0,2231.0,2239.0,2388.0
6,416,432,432,411,406,부산,216,231,242,207,203,257,207,209,204,225,1002,995,1261,1115,1058,1475.0,1433.0,1712.0,1526.0,1486.0
7,302,309,314,303,313,대구,203,246,258,248,220,210,165,188,163,159,373,593,643,689,602,786.0,1004.0,1089.0,1100.0,981.0
8,331,332,306,301,350,인천,454,517,520,496,514,76,96,111,111,139,453,496,390,301,354,983.0,1109.0,1021.0,908.0,1007.0
9,241,246,261,242,230,광주,317,317,324,332,366,56,43,47,37,27,419,377,369,367,448,792.0,737.0,740.0,736.0,841.0
10,194,181,193,195,185,대전,217,221,229,211,242,81,73,86,85,65,327,653,566,536,736,625.0,947.0,881.0,832.0,1043.0
11,131,126,124,119,116,울산,103,103,108,114,119,63,62,71,67,63,249,305,351,363,358,415.0,470.0,530.0,544.0,540.0
12,33,43,37,38,43,세종,47,63,62,60,71,11,14,15,10,4,49,69,78,52,55,107.0,146.0,155.0,122.0,130.0
13,1956,1846,1739,1679,1798,경기,1250,1540,1562,1543,1671,445,363,320,326,394,2569,2138,2017,1994,1950,4264.0,4041.0,3899.0,3863.0,4015.0
14,835,906,894,917,816,강원,284,293,293,330,349,428,419,429,414,377,469,401,499,489,559,1181.0,1113.0,1221.0,1233.0,1285.0
15,269,281,277,279,295,충북,303,406,421,403,460,96,71,83,95,77,369,316,294,250,425,768.0,793.0,798.0,748.0,962.0
16,382,369,372,357,381,충남,608,675,708,671,716,213,180,208,195,187,410,369,415,433,503,1231.0,1224.0,1331.0,1299.0,1406.0
17,318,330,326,319,334,전북,199,236,237,246,277,334,367,462,418,426,340,373,395,470,561,873.0,976.0,1094.0,1134.0,1264.0
18,388,392,422,410,421,전남,473,453,503,509,522,227,230,207,209,205,583,650,602,611,806,1283.0,1333.0,1312.0,1329.0,1533.0
19,521,491,521,517,467,경북,277,341,342,358,382,563,490,549,532,472,825,939,958,1060,1074,1665.0,1770.0,1849.0,1950.0,1928.0
20,573,568,571,580,574,경남,559,626,572,594,628,402,354,311,260,207,946,1018,844,868,1011,1907.0,1998.0,1727.0,1722.0,1846.0
21,80,85,88,89,84,제주,167,172,179,188,189,18,34,19,14,8,104,98,131,180,232,289.0,304.0,329.0,382.0,429.0
