,2018년.8,2019년.8,2020년.8,2021년.8,2022년.8,분류
4,20878.0,21594.0,21919.0,21667.0,23084.0,전체
5,2234.0,2196.0,2231.0,2239.0,2388.0,서울
6,1475.0,1433.0,1712.0,1526.0,1486.0,부산
7,786.0,1004.0,1089.0,1100.0,981.0,대구
8,983.0,1109.0,1021.0,908.0,1007.0,인천
9,792.0,737.0,740.0,736.0,841.0,광주
10,625.0,947.0,881.0,832.0,1043.0,대전
11,415.0,470.0,530.0,544.0,540.0,울산
12,107.0,146.0,155.0,122.0,130.0,세종
13,4264.0,4041.0,3899.0,3863.0,4015.0,경기
14,1181.0,1113.0,1221.0,1233.0,1285.0,강원
15,768.0,793.0,798.0,748.0,962.0,충북
16,1231.0,1224.0,1331.0,1299.0,1406.0,충남
17,873.0,976.0,1094.0,1134.0,1264.0,전북
18,1283.0,1333.0,1312.0,1329.0,1533.0,전남
19,1665.0,1770.0,1849.0,1950.0,1928.0,경북
20,1907.0,1998.0,1727.0,1722.0,1846.0,경남
21,289.0,304.0,329.0,382.0,429.0,제주
