,2018년,2019년,2020년,2021년,2022년,분류,2018년.4,2019년.4,2020년.4,2021년.4,2022년.4
0,응급의학전문의 수,응급의학전문의 수,응급의학전문의 수,응급의학전문의 수,응급의학전문의 수,분류,응급의학전공의 수,응급의학전공의 수,응급의학전공의 수,응급의학전공의 수,응급의학전공의 수
1,계,계,계,계,계,분류,계,계,계,계,계
2,명,명,명,명,명,분류,명,명,명,명,명
3,원자료,원자료,원자료,원자료,원자료,분류,원자료,원자료,원자료,원자료,원자료
4,1843,2000,2168,2316,2468,전체,630,626,623,623,608
5,753,810,870,936,994,서울,213,221,213,204,212
6,79,90,101,108,116,부산,33,27,28,25,32
7,90,103,110,119,128,대구,33,37,37,35,30
8,100,102,106,115,125,인천,36,39,42,45,41
9,78,84,95,102,105,광주,23,23,24,24,21
10,68,77,85,91,93,대전,26,27,27,28,29
11,17,20,21,22,26,울산,9,6,7,9,9
12,0,0,0,0,0,세종,0,0,0,0,0
13,288,295,301,323,347,경기,136,128,138,137,130
14,90,105,125,131,141,강원,34,32,30,27,26
15,18,20,21,23,24,충북,12,11,12,14,13
16,61,67,80,83,91,충남,14,18,15,18,15
17,60,73,81,84,88,전북,15,13,11,13,17
18,30,30,32,32,36,전남,8,8,4,4,4
19,41,48,56,56,58,경북,13,11,12,14,10
20,54,59,66,71,74,경남,16,18,16,18,15
21,16,17,18,20,22,제주,9,7,7,8,4
22,0,0,0,0,0,0,0,0,0,0,0
