,No,분류,2022년,2022년.1,2022년.2,2022년.3,2022년.4,2022년.5,2021년,2021년.1,2021년.2,2021년.3,2021년.4,2021년.5,2020년,2020년.1,2020년.2,2020년.3,2020년.4,2020년.5,2019년,2019년.1,2019년.2,2019년.3,2019년.4,2019년.5,2018년,2018년.1,2018년.2,2018년.3,2018년.4,2018년.5
3,1,전체,410,40,126,244,"51,439,038",8,404,38,128,238,"51,638,809",7.8,403,38,129,236,"51,829,023",7.8,402,38,124,240,"51,849,861",7.8,402,36,118,248,"51,826,059",7.8
4,2,서울,50,7,24,19,"9,428,372",5.3,50,5,26,19,"9,509,458",5.3,50,5,27,18,"9,668,465",5.2,50,5,25,20,"9,729,107",5.1,49,5,27,17,"9,765,623",5
5,3,부산,28,1,8,19,"3,317,812",8.4,28,1,8,19,"3,350,380",8.4,28,1,8,19,"3,391,946",8.3,28,1,7,20,"3,413,841",8.2,29,2,6,21,"3,441,453",8.4
6,4,대구,18,2,4,12,"2,363,691",7.6,16,2,4,10,"2,385,412",6.7,16,2,4,10,"2,418,346",6.6,15,2,4,9,"2,438,031",6.2,12,1,5,6,"2,461,769",4.9
7,5,인천,20,2,8,10,"2,967,314",6.7,19,2,8,9,"2,948,375",6.4,18,2,8,8,"2,942,828",6.1,20,2,8,10,"2,957,026",6.8,20,2,7,11,"2,954,642",6.8
8,6,광주,20,2,4,14,"1,431,050",14,20,2,4,14,"1,441,611",13.9,20,2,4,14,"1,450,062",13.8,20,2,4,14,"1,456,468",13.7,20,2,4,14,"1,459,336",13.7
9,7,대전,9,2,3,4,"1,446,072",6.2,10,2,3,5,"1,452,251",6.9,10,2,3,5,"1,463,882",6.8,10,2,3,5,"1,474,870",6.8,10,2,3,5,"1,489,936",6.7
10,8,울산,7,1,1,5,"1,110,663",6.3,7,1,1,5,"1,121,592",6.2,7,1,1,5,"1,136,017",6.2,8,1,1,6,"1,148,019",7,9,1,1,7,"1,155,623",7.8
11,9,세종,2,,1,1,"383,591",5.2,2,,1,1,"371,895",5.4,2,,1,1,"355,831",5.6,1,0,0,1,"340,575",2.9,,,,,"314,126",
12,10,경기,73,7,30,36,"13,589,432",5.4,67,7,30,30,"13,565,450",4.9,66,7,30,29,"13,427,014",4.9,65,7,29,29,"13,239,666",4.9,64,7,24,33,"13,077,153",4.9
13,11,강원,22,3,4,15,"1,536,498",14.3,22,3,4,15,"1,538,492",14.3,22,3,4,15,"1,542,840",14.3,22,3,4,15,"1,541,502",14.3,22,3,4,15,"1,543,052",14.3
14,12,충북,15,1,5,9,"1,595,058",9.4,15,1,5,9,"1,597,427",9.4,16,1,5,10,"1,600,837",10,16,1,5,10,"1,600,007",10,15,1,3,11,"1,599,252",9.4
15,13,충남,17,1,7,9,"2,123,037",8,17,1,7,9,"2,119,257",8,16,1,7,8,"2,121,029",7.5,16,1,7,8,"2,123,709",7.5,16,1,7,8,"2,126,282",7.5
16,14,전북,20,2,8,10,"1,769,607",11.3,20,2,8,10,"1,786,855",11.2,19,2,8,9,"1,804,104",10.5,20,2,8,10,"1,818,917",11,22,1,7,14,"1,836,832",12
17,15,전남,36,2,3,31,"1,817,697",19.8,37,2,3,32,"1,832,803",20.2,38,2,3,33,"1,851,549",20.5,38,2,3,33,"1,868,745",20.3,38,2,3,33,"1,882,970",20.2
18,16,경북,31,3,6,22,"2,600,492",11.9,31,3,6,22,"2,626,609",11.8,31,3,6,22,"2,639,422",11.7,31,3,6,22,"2,665,836",11.6,32,3,6,23,"2,676,831",12
19,17,경남,36,3,6,27,"3,280,493",11,37,3,6,28,"3,314,183",11.2,38,3,6,29,"3,340,216",11.4,36,3,6,27,"3,362,553",10.7,38,2,7,29,"3,373,988",11.3
20,18,제주,6,1,4,1,"678,159",8.8,6,1,4,1,"676,759",8.9,6,1,4,1,"674,635",8.9,6,1,4,1,"670,989",8.9,6,1,4,1,"667,191",9
