,0,1,2,3,4,5,6,7
Unnamed: 0,0,1,2,3,4,5,6,7
서울_2022년_중증인원수,990391.0,11778.0,58608.0,405812.0,387024.0,127018.0,144.0,7.0
서울_percentage,1.0,0.011892272849813862,0.05917662822057147,0.4097492808395876,0.3907789953664765,0.1282503576870145,0.00014539712093506504,7.067915601010106e-06
부산_2022년_중증인원수,211432.0,3544.0,16151.0,88374.0,79401.0,23916.0,45.0,1.0
부산_percentage,1.0,0.016761890347724,0.076388626130387,0.4179783571077226,0.3755391804457225,0.1131143819289416,0.0002128343864694,4.7296530326535246e-06
대구_2022년_중증인원수,174313.0,2665.0,14666.0,99820.0,52970.0,4179.0,13.0,0.0
대구_percentage,1.0,0.015288590064998,0.0841360082151073,0.572648052640939,0.3038786550630188,0.0239741155278149,7.457848812194156e-05,0.0
인천_2022년_중증인원수,361493.0,5313.0,18595.0,153342.0,141123.0,43098.0,15.0,7.0
인천_percentage,1.0,0.0146973800322551,0.0514394469602454,0.4241907865435845,0.3903893021441632,0.119222225603262,4.149457942477448e-05,1.936413706489476e-05
광주_2022년_중증인원수,122758.0,953.0,5957.0,52825.0,50616.0,12401.0,6.0,0.0
광주_percentage,1.0,0.0077632414995356,0.0485263689535508,0.4303181870020691,0.41232343309601,0.1010198927972107,4.887665162351944e-05,0.0
대전_2022년_중증인원수,128558.0,1946.0,7698.0,49894.0,54186.0,14821.0,13.0,0.0
대전_percentage,1.0,0.0151371365453725,0.0598795874235753,0.3881049798534514,0.4214906890275206,0.115286485477372,0.000101121672708,0.0
울산_2022년_중증인원수,69801.0,679.0,4240.0,27354.0,30964.0,6561.0,3.0,0.0
울산_percentage,1.0,0.0097276543315998,0.0607441154138192,0.3918855030730219,0.4436039598286557,0.0939957880259595,4.297932694374006e-05,0.0
세종_2022년_중증인원수,34530.0,329.0,1440.0,19666.0,11073.0,2017.0,5.0,0.0
세종_percentage,1.0,0.0095279467130031,0.0417028670721112,0.5695337387778743,0.3206776715899218,0.0584129742253113,0.0001448016217781,0.0
경기_2022년_중증인원수,1314572.0,14499.0,69585.0,554474.0,534224.0,141719.0,61.0,10.0
경기_percentage,1.0,0.0110294453251704,0.0529335783814047,0.4217905143270966,0.4063862610796517,0.1078061909123273,4.640293570835223e-05,7.607038640713479e-06
강원_2022년_중증인원수,172999.0,5189.0,14590.0,76578.0,60265.0,16353.0,9.0,15.0
강원_percentage,1.0,0.0299943930311735,0.0843357476054774,0.4426499575142053,0.3483546147665593,0.0945265579569824,5.202342210070579e-05,8.67057035011763e-05
충북_2022년_중증인원수,146524.0,3009.0,8897.0,67305.0,58324.0,8966.0,10.0,13.0
충북_percentage,1.0,0.0205358849062269,0.0607204280527422,0.4593445442384865,0.3980508312631378,0.0611913406677404,6.82482050722066e-05,8.872266659386859e-05
충남_2022년_중증인원수,270461.0,3644.0,13394.0,119697.0,113999.0,19711.0,16.0,0.0
충남_percentage,1.0,0.0134732918979076,0.0495228517235387,0.4425665807639549,0.4214988482627809,0.0728792690997962,5.915825202154839e-05,0.0
전북_2022년_중증인원수,234929.0,3136.0,11162.0,103029.0,96068.0,21432.0,98.0,4.0
전북_percentage,1.0,0.0133487138667427,0.0475122270983999,0.4385537758216312,0.4089235471142345,0.0912275623699075,0.0004171473083357,1.7026420748396325e-05
전남_2022년_중증인원수,134443.0,1679.0,10608.0,77216.0,37154.0,7774.0,10.0,2.0
전남_percentage,1.0,0.0124885639267198,0.0789033270605386,0.5743400548931518,0.2763550352193866,0.0578237617428947,7.438096442358471e-05,1.4876192884716945e-05
경북_2022년_중증인원수,273046.0,3609.0,16074.0,130968.0,101053.0,21063.0,276.0,3.0
경북_percentage,1.0,0.0132175530862931,0.0588692015264827,0.4796554426726632,0.3700951488027658,0.0771408480622312,0.001010818689891,1.0987159672729137e-05
경남_2022년_중증인원수,225415.0,3811.0,14563.0,87351.0,100462.0,19220.0,6.0,2.0
경남_percentage,1.0,0.0169065945034713,0.0646052835880487,0.3875119224541401,0.4456757536100082,0.0852649557482864,2.661757203380432e-05,8.872524011268106e-06
제주_2022년_중증인원수,119267.0,897.0,3156.0,54396.0,52087.0,8730.0,1.0,0.0
제주_percentage,1.0,0.0075209404110105,0.0264616364962646,0.4560859248576723,0.4367260013247587,0.0731971123613405,8.384548953189063e-06,0.0
인구대비 중증비율,,0.00022897006744177447,0.006216131480599196,0.12231313889997383,0.16373713822999708,0.042805715876378436,0.00010062541490513959,4.840699494907584e-06
서울 전체인구비율 대비 중증인원수,0.10504369153020267,0.0012492082408288516,0.006216131480599196,0.04304157706123602,0.04104886824575865,0.01347189101151291,1.5273050320882546e-05,7.424399461540125e-07
부산 전체인구비율 대비 중증인원수,0.0637263353077269,0.0010681738446904165,0.004867967202481636,0.026636228936419544,0.02393173573427307,0.007208365030930023,1.3563155477163865e-05,3.0140345504808593e-07
대구 전체인구비율 대비 중증인원수,0.07374610302277243,0.0011274739380062791,0.006204702729756132,0.0422305622858487,0.022409866602698916,0.0017679975935940865,5.499872868323313e-06,0.0
인천 전체인구비율 대비 중증인원수,0.12182499054700649,0.001790508183495242,0.006266610139675141,0.05167703856079943,0.04755917304336514,0.014524246507110471,5.055076746175161e-06,2.3590358148817417e-06
광주 전체인구비율 대비 중증인원수,0.08578176863142448,0.0006659445861430418,0.004162677754096642,0.036913455155305544,0.03536983333915656,0.008665665071101638,4.192725621047482e-06,0.0
대전 전체인구비율 대비 중증인원수,0.0889015208094756,0.0013457144595843084,0.005323386387399797,0.03450312294270271,0.037471163261580336,0.010249143887717901,8.989870490542656e-06,0.0
울산 전체인구비율 대비 중증인원수,0.06284624589096782,0.0006113465560660615,0.0038175396137262157,0.024628532687232762,0.027878843537598712,0.005907282406994741,2.7010893493345866e-06,0.0
세종 전체인구비율 대비 중증인원수,0.09001775328409686,0.0008576843565151424,0.003753998399336794,0.05126814758427596,0.028866683524900218,0.005258204702404384,1.3034716664363866e-05,0.0
경기 전체인구비율 대비 중증인원수,0.0967348745701807,0.0010669320101090317,0.005120523065276017,0.040801852498323694,0.03931172399258483,0.010428618355792943,4.488782165435612e-06,7.358659287599365e-07
강원 전체인구비율 대비 중증인원수,0.11259305251292225,0.003377160269652157,0.009495619258860083,0.049839309911239714,0.039222309433530014,0.010643033703916309,5.857475896486686e-06,9.76245982747781e-06
충북 전체인구비율 대비 중증인원수,0.0918612363939117,0.0018864517779290785,0.005577853595292459,0.04219595776454524,0.03656544150745616,0.005621112210339687,6.269364499598134e-06,8.150173849477574e-06
충남 전체인구비율 대비 중증인원수,0.1273934462753122,0.001716409087547697,0.006308886750442879,0.056380081929801505,0.053696190881270554,0.009284341252648917,7.536373600648505e-06,0.0
전북 전체인구비율 대비 중증인원수,0.13275772530284974,0.0017721448886673708,0.006307615193655992,0.05822140170105566,0.05428775993765848,0.01211116366515277,5.537952777085534e-05,2.2603888886063404e-06
전남 전체인구비율 대비 중증인원수,0.07396337233323266,0.0009236963036193601,0.005835956157709453,0.04248012732595147,0.02044015036609512,0.004276840419497859,5.501466966166528e-06,1.1002933932333056e-06
경북 전체인구비율 대비 중증인원수,0.10499782348878597,0.0013878143059082666,0.006181138030803402,0.05036277750517979,0.03885918510804878,0.008099621148613416,0.00010613376238034956,1.1536278519603212e-06
경남 전체인구비율 대비 중증인원수,0.06871375735293445,0.0011617156323759873,0.004439271780186697,0.02662740021088294,0.030624055591644304,0.005858875479996452,1.8289933860550837e-06,6.096644620183612e-07
제주 전체인구비율 대비 중증인원수,0.17586878593368221,0.0013226986591640013,0.004653775884416486,0.08021127788615943,0.07680647163865702,0.012873087284840282,1.4745804449988867e-06,0.0
